-0.10173                                                                                                                                                                                                                                                           
-0.10223                                                                                                                                                                                                                                                           
-0.10280                                                                                                                                                                                                                                                           
-0.10312                                                                                                                                                                                                                                                           
-0.10326                                                                                                                                                                                                                                                           
-0.10370                                                                                                                                                                                                                                                           
-0.10469                                                                                                                                                                                                                                                           
-0.10537                                                                                                                                                                                                                                                           
-0.10279                                                                                                                                                                                                                                                           
-0.11134                                                                                                                                                                                                                                                           
-0.14827                                                                                                                                                                                                                                                           
-0.20831                                                                                                                                                                                                                                                           
-0.28579                                                                                                                                                                                                                                                           
-0.37299                                                                                                                                                                                                                                                           
-0.46295                                                                                                                                                                                                                                                           
-0.55206                                                                                                                                                                                                                                                           
-0.63808                                                                                                                                                                                                                                                           
-0.72336                                                                                                                                                                                                                                                           
-0.80720                                                                                                                                                                                                                                                           
-0.89407                                                                                                                                                                                                                                                           
-0.98537                                                                                                                                                                                                                                                           
-1.08474                                                                                                                                                                                                                                                           
-1.20234                                                                                                                                                                                                                                                           
-1.33925                                                                                                                                                                                                                                                           
-1.50227                                                                                                                                                                                                                                                           
-1.68776                                                                                                                                                                                                                                                           
-1.89302                                                                                                                                                                                                                                                           
-2.10897                                                                                                                                                                                                                                                           
-2.41316                                                                                                                                                                                                                                                           
-2.80507                                                                                                                                                                                                                                                           
-2.96834                                                                                                                                                                                                                                                           
-3.07034                                                                                                                                                                                                                                                           
-3.16736                                                                                                                                                                                                                                                           
-3.26886                                                                                                                                                                                                                                                           
-3.37511                                                                                                                                                                                                                                                           
-3.49289                                                                                                                                                                                                                                                           
-3.60751                                                                                                                                                                                                                                                           
-3.73465                                                                                                                                                                                                                                                           
-3.86995                                                                                                                                                                                                                                                           
-4.02367                                                                                                                                                                                                                                                           
-4.22202                                                                                                                                                                                                                                                           
-4.28705                                                                                                                                                                                                                                                           
-4.12867                                                                                                                                                                                                                                                           
-3.93175                                                                                                                                                                                                                                                           
-3.69036                                                                                                                                                                                                                                                           
-3.30531                                                                                                                                                                                                                                                           
