50                                                                                                                                                                                    
1225                                                                                                                                                                                    
2.1826 
2.254 
0.1555                                                                                                                                                                                     
-0.1007                                                                                                                                                                                    
0.0724                                                                                                                                                                                    
1.1050                                                                                                                                                                                    
1.1050                                                                                                                                                                                    
3.0 
0.044                                                                                                                                                                                    
0                                                                                                                                                                                    
0.155                                                                                                                                                                                    
0                                                                                                                                                                                    
0                                                                                                                                                                                    
-0.0236                                                                                                                                                                                    
-0.3199                                                                                                                                                                                    
50                                                                                                                                                                                    
20.0                                                                                                                                                                                    
1.087 
1.127 
