-2.96532                                                                                                                                                                                                                                                           
-2.54086                                                                                                                                                                                                                                                           
0.29613                                                                                                                                                                                                                                                           
0.93683                                                                                                                                                                                                                                                           
0.99990                                                                                                                                                                                                                                                           
0.96634                                                                                                                                                                                                                                                           
0.90998                                                                                                                                                                                                                                                           
0.85097                                                                                                                                                                                                                                                           
0.79626                                                                                                                                                                                                                                                           
0.74569                                                                                                                                                                                                                                                           
0.71229                                                                                                                                                                                                                                                           
0.69525                                                                                                                                                                                                                                                           
0.68189                                                                                                                                                                                                                                                           
0.67174                                                                                                                                                                                                                                                           
0.66445                                                                                                                                                                                                                                                           
0.65887                                                                                                                                                                                                                                                           
0.65450                                                                                                                                                                                                                                                           
0.65074                                                                                                                                                                                                                                                           
0.64762                                                                                                                                                                                                                                                           
0.64423                                                                                                                                                                                                                                                           
0.64078                                                                                                                                                                                                                                                           
0.63716                                                                                                                                                                                                                                                           
0.63299                                                                                                                                                                                                                                                           
0.62829                                                                                                                                                                                                                                                           
0.62303                                                                                                                                                                                                                                                           
0.61661                                                                                                                                                                                                                                                           
0.60921                                                                                                                                                                                                                                                           
0.60036                                                                                                                                                                                                                                                           
0.59007                                                                                                                                                                                                                                                           
0.57716                                                                                                                                                                                                                                                           
0.54951                                                                                                                                                                                                                                                           
0.48313                                                                                                                                                                                                                                                           
0.39703                                                                                                                                                                                                                                                           
0.32773                                                                                                                                                                                                                                                           
-0.10173                                                                                                                                                                                                                                                           
