0    4.74946    -0.0847514
0.01455    4.82635    -0.0875178
0.0291    4.90324    -0.0903285
0.04365    4.98013    -0.0931837
0.0582    5.05702    -0.0960834
0.07275    5.13391    -0.0990274
0.0873    5.2108    -0.102016
0.10185    5.28769    -0.105049
0.1164    5.36458    -0.108126
0.13095    5.44147    -0.111248
0.1455    5.51836    -0.114414
0.16005    5.59525    -0.117625
0.1746    5.67215    -0.12088
0.18915    5.74904    -0.124179
0.2037    5.82593    -0.127523
0.21825    5.90282    -0.130911
0.2328    5.97971    -0.134344
0.24735    6.0566    -0.137821
0.2619    6.13349    -0.141343
0.27645    6.21038    -0.144909
0.291    6.28727    -0.148519
0.30555    6.36416    -0.152174
0.3201    6.44105    -0.155873
0.33465    6.51794    -0.159617
0.3492    6.59483    -0.163405
0.36375    6.67172    -0.167238
0.3783    6.74861    -0.171115
0.39285    6.8255    -0.175036
0.4074    6.90239    -0.179002
0.42195    6.97928    -0.183012
0.4365    7.05617    -0.187067
0.45105    7.13306    -0.191166
