0    148.581    -0.491135
0.01    148.581    -0.491135
0.02    148.581    -0.491135
0.03    148.581    -0.491135
0.04    148.581    -0.491135
0.05    148.581    -0.491135
0.06    148.581    -0.491135
0.07    148.581    -0.491135
0.08    148.581    -0.491135
0.09    148.581    -0.491135
0.1    148.581    -0.491135
0.11    148.581    -0.491135
0.12    148.581    -0.491135
0.13    148.581    -0.491135
0.14    148.581    -0.491135
0.15    148.581    -0.491135
0.16    148.581    -0.491135
0.17    148.581    -0.491135
0.18    148.581    -0.491135
0.19    148.581    -0.491135
0.2    148.581    -0.491135
0.21    148.581    -0.491135
0.22    148.581    -0.491135
0.23    148.581    -0.491135
0.24    148.581    -0.491135
0.25    148.581    -0.491135
0.26    148.581    -0.491135
0.27    148.581    -0.491135
0.28    148.581    -0.491135
0.29    148.581    -0.491135
0.3    148.581    -0.491135
0.31    148.581    -0.491135
0.32    148.581    -0.491135
