0    35.1667    0.927707
0.0566667    35.4004    0.895471
0.113333    35.6341    0.862728
0.17    35.8677    0.829479
0.226667    36.1014    0.795722
0.283333    36.3351    0.761458
0.34    36.5687    0.726688
0.396667    36.8024    0.691411
0.453333    37.0361    0.655626
0.51    37.2697    0.619335
0.566667    37.5034    0.582537
0.623333    37.7371    0.545232
0.68    37.9707    0.50742
0.736667    38.2044    0.469101
0.793333    38.4381    0.430275
0.85    38.6717    0.390942
0.906667    38.9054    0.351103
0.963333    39.139    0.310756
1.02    39.3727    0.269902
1.07667    39.6064    0.228542
1.13333    39.84    0.186674
1.19    40.0737    0.1443
1.24667    40.3074    0.101419
1.30333    40.541    0.0580304
1.36    40.7747    0.0141352
1.41667    41.0084    -0.0302669
1.47333    41.242    -0.0751759
1.53    41.4757    -0.120592
1.58667    41.7094    -0.166515
1.64333    41.943    -0.212945
