5.8261    4.66411    3.63122    2.72745    1.95279    1.30724    0.7908    0.403469    0.145249    0.0161388    
5.86481    4.6951    3.65535    2.74558    1.96577    1.31593    0.796054    0.40615    0.146214    0.016246    
5.90352    4.72609    3.67948    2.7637    1.97874    1.32461    0.801309    0.408831    0.147179    0.0163532    
5.94223    4.75708    3.70361    2.78182    1.99172    1.3333    0.806563    0.411512    0.148144    0.0164605    
5.98094    4.78807    3.72774    2.79994    2.00469    1.34198    0.811818    0.414193    0.149109    0.0165677    
6.01966    4.81906    3.75186    2.81807    2.01767    1.35067    0.817072    0.416874    0.150075    0.0166749    
6.05837    4.85005    3.77599    2.83619    2.03064    1.35936    0.822327    0.419554    0.15104    0.0167822    
6.09708    4.88104    3.80012    2.85431    2.04362    1.36804    0.827581    0.422235    0.152005    0.0168894    
6.13579    4.91203    3.82425    2.87243    2.05659    1.37673    0.832836    0.424916    0.15297    0.0169966    
6.1745    4.94302    3.84837    2.89056    2.06957    1.38541    0.83809    0.427597    0.153935    0.0171039    
6.21321    4.97401    3.8725    2.90868    2.08255    1.3941    0.843345    0.430278    0.1549    0.0172111    
6.25192    5.005    3.89663    2.9268    2.09552    1.40279    0.848599    0.432959    0.155865    0.0173184    
6.29064    5.03599    3.92076    2.94492    2.1085    1.41147    0.853854    0.43564    0.15683    0.0174256    
6.32935    5.06699    3.94488    2.96305    2.12147    1.42016    0.859108    0.438321    0.157795    0.0175328    
6.36806    5.09798    3.96901    2.98117    2.13445    1.42884    0.864363    0.441001    0.15876    0.0176401    
6.40677    5.12897    3.99314    2.99929    2.14742    1.43753    0.869617    0.443682    0.159726    0.0177473    
6.44548    5.15996    4.01727    3.01741    2.1604    1.44622    0.874872    0.446363    0.160691    0.0178545    
6.48419    5.19095    4.0414    3.03554    2.17337    1.4549    0.880126    0.449044    0.161656    0.0179618    
6.52291    5.22194    4.06552    3.05366    2.18635    1.46359    0.885381    0.451725    0.162621    0.018069    
6.56162    5.25293    4.08965    3.07178    2.19932    1.47227    0.890635    0.454406    0.163586    0.0181762    
6.60033    5.28392    4.11378    3.0899    2.2123    1.48096    0.89589    0.457087    0.164551    0.0182835    
6.63904    5.31491    4.13791    3.10803    2.22527    1.48965    0.901144    0.459767    0.165516    0.0183907    
6.67775    5.3459    4.16203    3.12615    2.23825    1.49833    0.906399    0.462448    0.166481    0.0184979    
6.71646    5.37689    4.18616    3.14427    2.25122    1.50702    0.911653    0.465129    0.167446    0.0186052    
6.75518    5.40788    4.21029    3.1624    2.2642    1.5157    0.916908    0.46781    0.168412    0.0187124    
6.79389    5.43887    4.23442    3.18052    2.27718    1.52439    0.922162    0.470491    0.169377    0.0188196    
6.8326    5.46986    4.25855    3.19864    2.29015    1.53308    0.927417    0.473172    0.170342    0.0189269    
6.87131    5.50086    4.28267    3.21676    2.30313    1.54176    0.932671    0.475853    0.171307    0.0190341    
6.91002    5.53185    4.3068    3.23489    2.3161    1.55045    0.937925    0.478533    0.172272    0.0191413    
6.94873    5.56284    4.33093    3.25301    2.32908    1.55913    0.94318    0.481214    0.173237    0.0192486    
