0    80.9075    -18.1293    -20.2269    4.53231
0.05    82.2448    -18.7335    -20.5612    4.68338
0.1    83.5821    -19.3477    -20.8955    4.83692
0.15    84.9194    -19.9718    -21.2299    4.99294
0.2    86.2567    -20.6058    -21.5642    5.15144
0.25    87.5941    -21.2497    -21.8985    5.31241
0.3    88.9314    -21.9035    -22.2328    5.47586
0.35    90.2687    -22.5672    -22.5672    5.64179
0.4    91.606    -23.2408    -22.9015    5.81019
0.45    92.9433    -23.9243    -23.2358    5.98107
0.5    94.2806    -24.6177    -23.5702    6.15443
0.55    95.6179    -25.321    -23.9045    6.33026
0.6    96.9553    -26.0343    -24.2388    6.50857
0.65    98.2926    -26.7574    -24.5731    6.68935
0.7    99.6299    -27.4905    -24.9075    6.87261
0.75    100.967    -28.2334    -25.2418    7.05835
0.8    102.305    -28.9863    -25.5761    7.24656
0.85    103.642    -29.749    -25.9105    7.43726
0.9    104.979    -30.5217    -26.2448    7.63042
0.95    106.316    -31.3043    -26.5791    7.82607
1    107.654    -32.0968    -26.9134    8.02419
1.05    108.991    -32.8991    -27.2478    8.22478
1.1    110.328    -33.7114    -27.5821    8.42786
1.15    111.666    -34.5336    -27.9164    8.63341
1.2    113.003    -35.3657    -28.2508    8.84143
1.25    114.34    -36.2077    -28.5851    9.05194
1.3    115.678    -37.0597    -28.9194    9.26492
1.35    117.015    -37.9215    -29.2537    9.48037
1.4    118.352    -38.7932    -29.5881    9.69831
1.45    119.69    -39.6749    -29.9224    9.91871
