0    265.543    -238.005    -66.3856    59.5012
0.166667    269.932    -245.938    -67.4829    61.4844
0.333333    274.321    -254.001    -68.5802    63.5001
0.5    278.71    -262.194    -69.6775    65.5484
0.666667    283.099    -270.517    -70.7748    67.6292
0.833333    287.488    -278.97    -71.8721    69.7425
1    291.877    -287.553    -72.9693    71.8883
1.16667    296.266    -296.266    -74.0666    74.0666
1.33333    300.656    -305.11    -75.1639    76.2774
1.5    305.045    -314.083    -76.2612    78.5207
1.66667    309.434    -323.186    -77.3585    80.7966
1.83333    313.823    -332.42    -78.4558    83.1049
2    318.212    -341.783    -79.553    85.4458
2.16667    322.601    -351.277    -80.6503    87.8192
2.33333    326.99    -360.9    -81.7476    90.2251
2.5    331.38    -370.654    -82.8449    92.6635
2.66667    335.769    -380.538    -83.9422    95.1344
2.83333    340.158    -390.551    -85.0395    97.6378
3    344.547    -400.695    -86.1367    100.174
3.16667    348.936    -410.969    -87.234    102.742
3.33333    353.325    -421.373    -88.3313    105.343
3.5    357.714    -431.907    -89.4286    107.977
3.66667    362.103    -442.571    -90.5259    110.643
3.83333    366.493    -453.365    -91.6231    113.341
4    370.882    -464.289    -92.7204    116.072
4.16667    375.271    -475.343    -93.8177    118.836
4.33333    379.66    -486.527    -94.915    121.632
4.5    384.049    -497.841    -96.0123    124.46
4.66667    388.438    -509.285    -97.1096    127.321
4.83333    392.827    -520.86    -98.2068    130.215
