15.4995    2.5
14.7782    2.27273
13.4906    1.89394
11.832    1.45688
9.99987    1.04063
8.16486    0.693751
6.45489    0.433594
4.95067    0.255055
3.69001    0.141697
2.67702    0.0745776
1.89294    0.0372888
1.30625    0.0177566
0.880674    0.00807117
0.580699    0.0035092
0.37484    0.00146217
0.23707    0.000584867
15.4995    -1
14.7782    -0.909091
13.4906    -0.757576
11.832    -0.582751
9.99987    -0.41625
8.16486    -0.2775
6.45489    -0.173438
4.95067    -0.102022
3.69001    -0.056679
2.67702    -0.029831
1.89294    -0.0149155
1.30625    -0.00710263
0.880674    -0.00322847
0.580699    -0.00140368
0.37484    -0.000584867
15.4995    2.5
17.6847    3.65199
24.9667    2.5
24.9667    -1
17.6847    -2.2117
11.4431    -1
0            1
15.6042    2.5
15.6042    -1
0            1
24.9667    2.5
24.9667    -1
15.6042    -1
24.9667    -1
15.4995    2.5
24.9667    2.5
24.9667    2.5
24.9667    -1
