15.4995    2.5
14.7782    2.27273
13.4906    1.89394
11.832    1.45688
9.99987    1.04063
8.16486    0.693751
6.45489    0.433594
4.95067    0.255055
3.69001    0.141697
2.67702    0.0745776
1.89294    0.0372888
1.30625    0.0177566
0.880674    0.00807117
0.580699    0.0035092
0.37484    0.00146217
0.23707    0.000584867
9.80273    -1
9.34654    -0.909091
8.53218    -0.757576
7.48322    -0.582751
6.32447    -0.41625
5.16391    -0.2775
4.08243    -0.173438
3.13108    -0.102022
2.33377    -0.056679
1.69309    -0.029831
1.1972    -0.0149155
0.826146    -0.00710263
0.556987    -0.00322847
0.367267    -0.00140368
0.23707    -0.000584867
15.4995    2.5
18.1349    2.5091
25.1874    2.5
25.1874    -1
25.1874    0.301342
9.80273    -1
0           1
18.1349    2.5091
18.1349    -0.509102
0           1
25.1874    1.69866
25.1874    0.301342
9.80273    -1
25.1874    -1
15.4995    2.5
25.1874    2.5
25.1874    2.5
25.1874    -1
