4.34391    3.47753    2.70742    2.03358    1.45599    0.974672    0.589616    0.300825    0.108297    0.012033    
4.34391    3.47753    2.70742    2.03358    1.45599    0.974672    0.589616    0.300825    0.108297    0.012033    
4.34391    3.47753    2.70742    2.03358    1.45599    0.974672    0.589616    0.300825    0.108297    0.012033    
4.34391    3.47753    2.70742    2.03358    1.45599    0.974672    0.589616    0.300825    0.108297    0.012033    
4.34391    3.47753    2.70742    2.03358    1.45599    0.974672    0.589616    0.300825    0.108297    0.012033    
4.34391    3.47753    2.70742    2.03358    1.45599    0.974672    0.589616    0.300825    0.108297    0.012033    
4.34391    3.47753    2.70742    2.03358    1.45599    0.974672    0.589616    0.300825    0.108297    0.012033    
4.34391    3.47753    2.70742    2.03358    1.45599    0.974672    0.589616    0.300825    0.108297    0.012033    
4.34391    3.47753    2.70742    2.03358    1.45599    0.974672    0.589616    0.300825    0.108297    0.012033    
4.34391    3.47753    2.70742    2.03358    1.45599    0.974672    0.589616    0.300825    0.108297    0.012033    
4.34391    3.47753    2.70742    2.03358    1.45599    0.974672    0.589616    0.300825    0.108297    0.012033    
4.34391    3.47753    2.70742    2.03358    1.45599    0.974672    0.589616    0.300825    0.108297    0.012033    
4.34391    3.47753    2.70742    2.03358    1.45599    0.974672    0.589616    0.300825    0.108297    0.012033    
4.34391    3.47753    2.70742    2.03358    1.45599    0.974672    0.589616    0.300825    0.108297    0.012033    
4.34391    3.47753    2.70742    2.03358    1.45599    0.974672    0.589616    0.300825    0.108297    0.012033    
4.34391    3.47753    2.70742    2.03358    1.45599    0.974672    0.589616    0.300825    0.108297    0.012033    
4.34391    3.47753    2.70742    2.03358    1.45599    0.974672    0.589616    0.300825    0.108297    0.012033    
4.34391    3.47753    2.70742    2.03358    1.45599    0.974672    0.589616    0.300825    0.108297    0.012033    
4.34391    3.47753    2.70742    2.03358    1.45599    0.974672    0.589616    0.300825    0.108297    0.012033    
4.34391    3.47753    2.70742    2.03358    1.45599    0.974672    0.589616    0.300825    0.108297    0.012033    
4.34391    3.47753    2.70742    2.03358    1.45599    0.974672    0.589616    0.300825    0.108297    0.012033    
4.34391    3.47753    2.70742    2.03358    1.45599    0.974672    0.589616    0.300825    0.108297    0.012033    
4.34391    3.47753    2.70742    2.03358    1.45599    0.974672    0.589616    0.300825    0.108297    0.012033    
4.34391    3.47753    2.70742    2.03358    1.45599    0.974672    0.589616    0.300825    0.108297    0.012033    
4.34391    3.47753    2.70742    2.03358    1.45599    0.974672    0.589616    0.300825    0.108297    0.012033    
4.34391    3.47753    2.70742    2.03358    1.45599    0.974672    0.589616    0.300825    0.108297    0.012033    
4.34391    3.47753    2.70742    2.03358    1.45599    0.974672    0.589616    0.300825    0.108297    0.012033    
4.34391    3.47753    2.70742    2.03358    1.45599    0.974672    0.589616    0.300825    0.108297    0.012033    
4.34391    3.47753    2.70742    2.03358    1.45599    0.974672    0.589616    0.300825    0.108297    0.012033    
4.34391    3.47753    2.70742    2.03358    1.45599    0.974672    0.589616    0.300825    0.108297    0.012033    
4.34391    3.47753    2.70742    2.03358    1.45599    0.974672    0.589616    0.300825    0.108297    0.012033    
4.34391    3.47753    2.70742    2.03358    1.45599    0.974672    0.589616    0.300825    0.108297    0.012033    
4.34391    3.47753    2.70742    2.03358    1.45599    0.974672    0.589616    0.300825    0.108297    0.012033    
